image: quadrotor.pgm
resolution: 0.050000
origin: [-13.491208, -11.967114, 0.000000]
negate: 0
occupied_thresh: 0.1
free_thresh: 0.01

