image: warehouse.pgm
resolution: 0.050000
origin: [-5.498625, -4.257256, 0.000000]
negate: 0
occupied_thresh: 0.1
free_thresh: 0.01

