image: warehouse.pgm
resolution: 0.050000
origin: [-4.378234, -4.228498, 0.000000]
negate: 0
occupied_thresh: 0.65
free_thresh: 0.196

